BIL -6 1 2.76642e+06
BIL -6 2 2.76642e+06
BIL -6 3 2.76642e+06
BIL -6 4 2.30535e+06
BIL -6 5 2.76642e+06
BIL -6 7 2.30535e+06
BIL -5 1 2.30535e+06
BIL -5 2 2.30535e+06
BIL -5 3 2.30535e+06
BIL -5 4 2.30535e+06
BIL -5 5 2.30535e+06
BIL -5 7 2.30535e+06
BIL -4 1 2.76642e+06
BIL -4 2 2.76642e+06
BIL -4 3 2.76642e+06
BIL -4 4 2.76642e+06
BIL -4 5 2.76642e+06
BIL -4 7 2.30535e+06
BIL -3 1 2.30535e+06
BIL -3 2 2.30535e+06
BIL -3 3 2.76642e+06
BIL -3 4 2.30535e+06
BIL -3 5 2.30535e+06
BIL -3 7 2.30535e+06
BIL -2 1 2.76642e+06
BIL -2 2 2.76642e+06
BIL -2 3 2.76642e+06
BIL -2 4 2.76642e+06
BIL -2 5 2.76642e+06
BIL -2 7 2.76642e+06
BIL -1 1 2.30535e+06
BIL -1 2 2.30535e+06
BIL -1 3 2.30535e+06
BIL -1 4 1.84428e+06
BIL -1 5 2.30535e+06
BIL -1 7 2.76642e+06
BIL 1 1 2.30535e+06
BIL 1 2 2.30535e+06
BIL 1 3 2.30535e+06
BIL 1 4 1.84428e+06
BIL 1 5 2.30535e+06
BIL 1 7 2.30535e+06
BIL 2 1 2.76642e+06
BIL 2 2 2.76642e+06
BIL 2 3 2.76642e+06
BIL 2 4 2.76642e+06
BIL 2 5 2.76642e+06
BIL 2 7 2.76642e+06
BIL 3 1 2.30535e+06
BIL 3 2 2.30535e+06
BIL 3 3 2.76642e+06
BIL 3 4 2.30535e+06
BIL 3 5 2.30535e+06
BIL 3 7 2.30535e+06
BIL 4 1 2.76642e+06
BIL 4 2 2.76642e+06
BIL 4 3 2.76642e+06
BIL 4 4 2.76642e+06
BIL 4 5 2.76642e+06
BIL 4 7 2.30535e+06
BIL 5 1 2.30535e+06
BIL 5 2 2.30535e+06
BIL 5 3 2.30535e+06
BIL 5 4 2.30535e+06
BIL 5 5 2.30535e+06
BIL 5 7 2.30535e+06
BIL 6 1 2.76642e+06
BIL 6 2 2.76642e+06
BIL 6 3 2.76642e+06
BIL 6 4 2.30535e+06
BIL 6 5 2.76642e+06
BIL 6 7 2.30535e+06
BIS -7 1 1.68642e+06
BIS -7 2 1.68642e+06
BIS -7 3 1.68642e+06
BIS -7 4 1.40535e+06
BIS -7 5 1.40535e+06
BIS -7 6 1.40535e+06
BIS -7 7 1.40535e+06
BIS -7 8 1.40535e+06
BIS -6 1 1.40535e+06
BIS -6 2 1.40535e+06
BIS -6 3 1.40535e+06
BIS -6 4 1.40535e+06
BIS -6 5 1.40535e+06
BIS -6 6 1.40535e+06
BIS -6 7 1.40535e+06
BIS -6 8 1.40535e+06
BIS -5 1 1.40535e+06
BIS -5 2 1.40535e+06
BIS -5 3 1.40535e+06
BIS -5 4 1.40535e+06
BIS -5 5 1.40535e+06
BIS -5 6 1.40535e+06
BIS -5 7 1.40535e+06
BIS -5 8 1.40535e+06
BIS -4 1 1.40535e+06
BIS -4 2 1.40535e+06
BIS -4 3 1.40535e+06
BIS -4 4 1.40535e+06
BIS -4 5 1.40535e+06
BIS -4 6 1.40535e+06
BIS -4 7 1.40535e+06
BIS -4 8 1.40535e+06
BIS -3 1 1.40535e+06
BIS -3 2 1.40535e+06
BIS -3 3 1.40535e+06
BIS -3 4 1.40535e+06
BIS -3 5 1.40535e+06
BIS -3 6 1.40535e+06
BIS -3 7 1.40535e+06
BIS -3 8 1.40535e+06
BIS -2 1 1.40535e+06
BIS -2 2 1.40535e+06
BIS -2 3 1.40535e+06
BIS -2 4 1.40535e+06
BIS -2 5 1.40535e+06
BIS -2 6 1.40535e+06
BIS -2 7 1.40535e+06
BIS -2 8 1.40535e+06
BIS -1 1 1.68642e+06
BIS -1 2 1.68642e+06
BIS -1 3 1.68642e+06
BIS -1 4 1.68642e+06
BIS -1 5 1.68642e+06
BIS -1 6 1.68642e+06
BIS -1 7 1.68642e+06
BIS -1 8 1.68642e+06
BIS 1 1 1.68642e+06
BIS 1 2 1.68642e+06
BIS 1 3 1.68642e+06
BIS 1 4 1.68642e+06
BIS 1 5 1.68642e+06
BIS 1 6 1.68642e+06
BIS 1 7 1.68642e+06
BIS 1 8 1.68642e+06
BIS 2 1 1.40535e+06
BIS 2 2 1.40535e+06
BIS 2 3 1.40535e+06
BIS 2 4 1.40535e+06
BIS 2 5 1.40535e+06
BIS 2 6 1.40535e+06
BIS 2 7 1.40535e+06
BIS 2 8 1.40535e+06
BIS 3 1 1.40535e+06
BIS 3 2 1.40535e+06
BIS 3 3 1.40535e+06
BIS 3 4 1.40535e+06
BIS 3 5 1.40535e+06
BIS 3 6 1.40535e+06
BIS 3 7 1.40535e+06
BIS 3 8 1.40535e+06
BIS 4 1 1.40535e+06
BIS 4 2 1.40535e+06
BIS 4 3 1.40535e+06
BIS 4 4 1.40535e+06
BIS 4 5 1.40535e+06
BIS 4 6 1.40535e+06
BIS 4 7 1.40535e+06
BIS 4 8 1.40535e+06
BIS 5 1 1.40535e+06
BIS 5 2 1.40535e+06
BIS 5 3 1.40535e+06
BIS 5 4 1.40535e+06
BIS 5 5 1.40535e+06
BIS 5 6 1.40535e+06
BIS 5 7 1.40535e+06
BIS 5 8 1.40535e+06
BIS 6 1 1.40535e+06
BIS 6 2 1.40535e+06
BIS 6 3 1.40535e+06
BIS 6 4 1.40535e+06
BIS 6 5 1.40535e+06
BIS 6 6 1.40535e+06
BIS 6 7 1.40535e+06
BIS 6 8 1.40535e+06
BIS 7 1 1.68642e+06
BIS 7 2 1.68642e+06
BIS 7 3 1.68642e+06
BIS 7 4 1.40535e+06
BIS 7 5 1.40535e+06
BIS 7 6 1.40535e+06
BIS 7 7 1.40535e+06
BIS 7 8 1.40535e+06
BML -6 1 4.95576e+06
BML -6 2 4.95576e+06
BML -6 3 4.95576e+06
BML -6 4 4.95576e+06
BML -6 5 4.95576e+06
BML -6 6 4.95576e+06
BML -6 8 4.95576e+06
BML -5 1 4.1298e+06
BML -5 2 4.1298e+06
BML -5 3 4.1298e+06
BML -5 4 4.1298e+06
BML -5 5 4.1298e+06
BML -5 6 4.1298e+06
BML -5 7 4.95576e+06
BML -5 8 4.1298e+06
BML -4 1 4.1298e+06
BML -4 2 4.1298e+06
BML -4 3 4.1298e+06
BML -4 4 4.1298e+06
BML -4 5 4.1298e+06
BML -4 6 4.1298e+06
BML -4 7 4.1298e+06
BML -4 8 4.1298e+06
BML -3 1 5.78172e+06
BML -3 2 5.78172e+06
BML -3 3 5.78172e+06
BML -3 4 5.78172e+06
BML -3 5 5.78172e+06
BML -3 6 5.78172e+06
BML -3 7 5.78172e+06
BML -3 8 5.78172e+06
BML -2 1 5.78172e+06
BML -2 2 5.78172e+06
BML -2 3 5.78172e+06
BML -2 4 5.78172e+06
BML -2 5 5.78172e+06
BML -2 6 5.78172e+06
BML -2 7 5.78172e+06
BML -2 8 5.78172e+06
BML -1 1 3.30384e+06
BML -1 2 4.95576e+06
BML -1 3 4.95576e+06
BML -1 4 3.30384e+06
BML -1 5 4.1298e+06
BML -1 6 4.1298e+06
BML -1 7 5.78172e+06
BML -1 8 4.1298e+06
BML 1 1 5.78172e+06
BML 1 2 5.78172e+06
BML 1 3 4.95576e+06
BML 1 4 3.30384e+06
BML 1 5 3.30384e+06
BML 1 6 4.1298e+06
BML 1 7 4.95576e+06
BML 1 8 4.1298e+06
BML 2 1 5.78172e+06
BML 2 2 5.78172e+06
BML 2 3 5.78172e+06
BML 2 4 5.78172e+06
BML 2 5 5.78172e+06
BML 2 6 5.78172e+06
BML 2 7 5.78172e+06
BML 2 8 5.78172e+06
BML 3 1 5.78172e+06
BML 3 2 5.78172e+06
BML 3 3 5.78172e+06
BML 3 4 5.78172e+06
BML 3 5 5.78172e+06
BML 3 6 5.78172e+06
BML 3 7 5.78172e+06
BML 3 8 5.78172e+06
BML 4 1 4.1298e+06
BML 4 2 4.1298e+06
BML 4 3 4.1298e+06
BML 4 4 4.1298e+06
BML 4 5 4.1298e+06
BML 4 6 4.1298e+06
BML 4 7 4.1298e+06
BML 4 8 4.1298e+06
BML 5 1 4.1298e+06
BML 5 2 4.1298e+06
BML 5 3 4.1298e+06
BML 5 4 4.1298e+06
BML 5 5 4.1298e+06
BML 5 6 4.1298e+06
BML 5 7 4.95576e+06
BML 5 8 4.1298e+06
BML 6 1 4.95576e+06
BML 6 2 4.95576e+06
BML 6 3 4.95576e+06
BML 6 4 4.95576e+06
BML 6 5 4.95576e+06
BML 6 6 4.95576e+06
BML 6 8 4.95576e+06
BMS -6 1 3.5538e+06
BMS -6 2 3.5538e+06
BMS -6 3 3.5538e+06
BMS -6 4 3.5538e+06
BMS -6 5 3.5538e+06
BMS -6 8 3.5538e+06
BMS -5 1 2.84304e+06
BMS -5 2 2.84304e+06
BMS -5 3 2.84304e+06
BMS -5 4 2.84304e+06
BMS -5 5 2.84304e+06
BMS -5 8 2.84304e+06
BMS -4 1 3.5538e+06
BMS -4 2 3.5538e+06
BMS -4 3 3.5538e+06
BMS -4 4 3.5538e+06
BMS -4 5 3.5538e+06
BMS -4 8 3.5538e+06
BMS -3 1 4.25016e+06
BMS -3 2 4.25016e+06
BMS -3 3 4.25016e+06
BMS -3 4 4.25016e+06
BMS -3 5 4.25016e+06
BMS -3 8 4.25016e+06
BMS -2 1 4.26456e+06
BMS -2 2 4.26456e+06
BMS -2 3 4.26456e+06
BMS -2 4 4.26456e+06
BMS -2 5 4.26456e+06
BMS -2 8 4.26456e+06
BMS -1 1 4.97532e+06
BMS -1 2 4.97532e+06
BMS -1 3 4.97532e+06
BMS -1 4 4.74369e+06
BMS -1 5 4.97532e+06
BMS -1 8 4.97532e+06
BMS 1 1 4.97532e+06
BMS 1 2 4.97532e+06
BMS 1 3 4.97532e+06
BMS 1 4 4.74369e+06
BMS 1 5 4.97532e+06
BMS 1 8 4.97532e+06
BMS 2 1 4.26456e+06
BMS 2 2 4.26456e+06
BMS 2 3 4.26456e+06
BMS 2 4 4.26456e+06
BMS 2 5 4.26456e+06
BMS 2 8 4.26456e+06
BMS 3 1 4.25016e+06
BMS 3 2 4.25016e+06
BMS 3 3 4.25016e+06
BMS 3 4 4.25016e+06
BMS 3 5 4.25016e+06
BMS 3 8 4.25016e+06
BMS 4 1 3.5538e+06
BMS 4 2 3.5538e+06
BMS 4 3 3.5538e+06
BMS 4 4 3.5538e+06
BMS 4 5 3.5538e+06
BMS 4 8 3.5538e+06
BMS 5 1 2.84304e+06
BMS 5 2 2.84304e+06
BMS 5 3 2.84304e+06
BMS 5 4 2.84304e+06
BMS 5 5 2.84304e+06
BMS 5 8 2.84304e+06
BMS 6 1 3.5538e+06
BMS 6 2 3.5538e+06
BMS 6 3 3.5538e+06
BMS 6 4 3.5538e+06
BMS 6 5 3.5538e+06
BMS 6 8 3.5538e+06
BOL -7 7 7.91273e+06
BOL -6 1 8.15052e+06
BOL -6 2 8.15052e+06
BOL -6 3 8.15052e+06
BOL -6 4 8.15052e+06
BOL -6 5 8.15052e+06
BOL -6 6 8.15052e+06
BOL -6 7 8.15052e+06
BOL -6 8 8.15052e+06
BOL -5 1 1.04792e+07
BOL -5 2 1.04792e+07
BOL -5 3 1.04792e+07
BOL -5 4 1.04792e+07
BOL -5 5 1.04792e+07
BOL -5 6 1.04792e+07
BOL -5 7 1.04792e+07
BOL -5 8 1.04792e+07
BOL -4 1 1.04792e+07
BOL -4 2 1.04792e+07
BOL -4 3 1.04792e+07
BOL -4 4 1.04792e+07
BOL -4 5 1.04792e+07
BOL -4 6 1.04792e+07
BOL -4 7 1.04792e+07
BOL -4 8 1.04792e+07
BOL -3 1 8.15052e+06
BOL -3 2 8.15052e+06
BOL -3 3 8.15052e+06
BOL -3 4 8.15052e+06
BOL -3 5 8.15052e+06
BOL -3 6 8.15052e+06
BOL -3 7 6.98616e+06
BOL -3 8 8.15052e+06
BOL -2 1 1.04792e+07
BOL -2 2 1.04792e+07
BOL -2 3 6.98616e+06
BOL -2 4 1.04792e+07
BOL -2 5 1.04792e+07
BOL -2 6 1.04792e+07
BOL -2 7 6.98616e+06
BOL -2 8 1.04792e+07
BOL -1 1 6.98616e+06
BOL -1 2 6.98616e+06
BOL -1 3 6.98616e+06
BOL -1 4 6.98616e+06
BOL -1 5 8.15052e+06
BOL -1 6 8.15052e+06
BOL -1 7 1.04792e+07
BOL -1 8 8.15052e+06
BOL 1 1 1.04792e+07
BOL 1 2 1.04792e+07
BOL 1 3 9.31488e+06
BOL 1 4 6.98616e+06
BOL 1 5 6.98616e+06
BOL 1 6 8.15052e+06
BOL 1 7 8.15052e+06
BOL 1 8 8.15052e+06
BOL 2 1 1.04792e+07
BOL 2 2 1.04792e+07
BOL 2 3 1.04792e+07
BOL 2 4 1.04792e+07
BOL 2 5 1.04792e+07
BOL 2 6 1.04792e+07
BOL 2 7 6.98616e+06
BOL 2 8 1.04792e+07
BOL 3 1 8.15052e+06
BOL 3 2 8.15052e+06
BOL 3 3 8.15052e+06
BOL 3 4 8.15052e+06
BOL 3 5 8.15052e+06
BOL 3 6 8.15052e+06
BOL 3 7 6.98616e+06
BOL 3 8 8.15052e+06
BOL 4 1 1.04792e+07
BOL 4 2 1.04792e+07
BOL 4 3 1.04792e+07
BOL 4 4 1.04792e+07
BOL 4 5 1.04792e+07
BOL 4 6 1.04792e+07
BOL 4 7 1.04792e+07
BOL 4 8 1.04792e+07
BOL 5 1 1.04792e+07
BOL 5 2 1.04792e+07
BOL 5 3 1.04792e+07
BOL 5 4 1.04792e+07
BOL 5 5 1.04792e+07
BOL 5 6 1.04792e+07
BOL 5 7 1.04792e+07
BOL 5 8 1.04792e+07
BOL 6 1 8.15052e+06
BOL 6 2 8.15052e+06
BOL 6 3 8.15052e+06
BOL 6 4 8.15052e+06
BOL 6 5 8.15052e+06
BOL 6 6 8.15052e+06
BOL 6 7 8.15052e+06
BOL 6 8 8.15052e+06
BOL 7 7 7.91273e+06
BOS -6 1 7.03354e+06
BOS -6 2 7.03354e+06
BOS -6 3 7.03354e+06
BOS -6 4 7.03354e+06
BOS -6 5 7.03354e+06
BOS -6 8 7.03354e+06
BOS -5 1 7.91273e+06
BOS -5 2 7.91273e+06
BOS -5 3 7.91273e+06
BOS -5 4 7.91273e+06
BOS -5 5 7.91273e+06
BOS -5 8 7.91273e+06
BOS -4 1 7.91273e+06
BOS -4 2 7.91273e+06
BOS -4 3 7.91273e+06
BOS -4 4 7.91273e+06
BOS -4 5 7.91273e+06
BOS -4 8 7.91273e+06
BOS -3 1 7.91273e+06
BOS -3 2 7.91273e+06
BOS -3 3 7.91273e+06
BOS -3 4 7.91273e+06
BOS -3 5 7.91273e+06
BOS -3 8 7.91273e+06
BOS -2 1 7.91273e+06
BOS -2 2 7.91273e+06
BOS -2 3 7.91273e+06
BOS -2 4 7.91273e+06
BOS -2 5 7.91273e+06
BOS -2 8 7.91273e+06
BOS -1 1 7.91273e+06
BOS -1 2 7.91273e+06
BOS -1 3 7.91273e+06
BOS -1 4 5.27515e+06
BOS -1 5 7.91273e+06
BOS -1 8 7.91273e+06
BOS 1 1 7.91273e+06
BOS 1 2 7.91273e+06
BOS 1 3 7.91273e+06
BOS 1 4 5.27515e+06
BOS 1 5 7.91273e+06
BOS 1 8 7.91273e+06
BOS 2 1 7.91273e+06
BOS 2 2 7.91273e+06
BOS 2 3 7.91273e+06
BOS 2 4 7.91273e+06
BOS 2 5 7.91273e+06
BOS 2 8 7.91273e+06
BOS 3 1 7.91273e+06
BOS 3 2 7.91273e+06
BOS 3 3 7.91273e+06
BOS 3 4 7.91273e+06
BOS 3 5 7.91273e+06
BOS 3 8 7.91273e+06
BOS 4 1 7.91273e+06
BOS 4 2 7.91273e+06
BOS 4 3 7.91273e+06
BOS 4 4 7.91273e+06
BOS 4 5 7.91273e+06
BOS 4 8 7.91273e+06
BOS 5 1 7.91273e+06
BOS 5 2 7.91273e+06
BOS 5 3 7.91273e+06
BOS 5 4 7.91273e+06
BOS 5 5 7.91273e+06
BOS 5 8 7.91273e+06
BOS 6 1 7.03354e+06
BOS 6 2 7.03354e+06
BOS 6 3 7.03354e+06
BOS 6 4 7.03354e+06
BOS 6 5 7.03354e+06
BOS 6 8 7.03354e+06
BEE -2 1 1.15416e+06
BEE -2 2 1.15416e+06
BEE -2 3 1.15416e+06
BEE -2 4 1.15416e+06
BEE -2 5 1.15416e+06
BEE -2 6 1.15416e+06
BEE -2 7 1.15416e+06
BEE -2 8 1.15416e+06
BEE -1 1 1.15416e+06
BEE -1 2 1.15416e+06
BEE -1 3 1.15416e+06
BEE -1 4 1.15416e+06
BEE -1 5 1.15416e+06
BEE -1 6 1.15416e+06
BEE -1 7 1.15416e+06
BEE -1 8 1.15416e+06
BEE 1 1 1.15416e+06
BEE 1 2 1.15416e+06
BEE 1 3 1.15416e+06
BEE 1 4 1.15416e+06
BEE 1 5 1.15416e+06
BEE 1 6 1.15416e+06
BEE 1 7 1.15416e+06
BEE 1 8 1.15416e+06
BEE 2 1 1.15416e+06
BEE 2 2 1.15416e+06
BEE 2 3 1.15416e+06
BEE 2 4 1.15416e+06
BEE 2 5 1.15416e+06
BEE 2 6 1.15416e+06
BEE 2 7 1.15416e+06
BEE 2 8 1.15416e+06
BIR -6 6 1.07514e+06
BIR -6 8 1.07514e+06
BIR -5 6 898695
BIR -5 8 898695
BIR -4 6 1.15546e+06
BIR -4 8 1.15546e+06
BIR -3 6 985545
BIR -3 8 985545
BIR -2 6 1.15546e+06
BIR -2 8 1.15546e+06
BIR -1 6 1.84428e+06
BIR -1 8 1.84428e+06
BIR 1 6 1.84428e+06
BIR 1 8 1.84428e+06
BIR 2 6 1.15546e+06
BIR 2 8 1.15546e+06
BIR 3 6 985545
BIR 3 8 985545
BIR 4 6 1.15546e+06
BIR 4 8 1.15546e+06
BIR 5 6 898695
BIR 5 8 898695
BIR 6 6 1.07514e+06
BIR 6 8 1.07514e+06
BMF -3 6 4.26456e+06
BMF -3 7 4.26456e+06
BMF -2 6 5.68608e+06
BMF -2 7 5.68608e+06
BMF -1 6 6.39684e+06
BMF -1 7 6.39684e+06
BMF 1 6 6.39684e+06
BMF 1 7 6.39684e+06
BMF 2 6 5.68608e+06
BMF 2 7 5.68608e+06
BMF 3 6 4.26456e+06
BMF 3 7 4.26456e+06
BOF -4 6 4.39596e+06
BOF -4 7 4.39596e+06
BOF -3 6 5.27515e+06
BOF -3 7 5.27515e+06
BOF -2 6 7.03354e+06
BOF -2 7 7.03354e+06
BOF -1 6 7.91273e+06
BOF -1 7 7.91273e+06
BOF 1 6 7.91273e+06
BOF 1 7 7.91273e+06
BOF 2 6 7.03354e+06
BOF 2 7 7.03354e+06
BOF 3 6 5.27515e+06
BOF 3 7 5.27515e+06
BOF 4 6 4.39596e+06
BOF 4 7 4.39596e+06
BOG -4 6 4.3938e+06
BOG -4 7 4.3938e+06
BOG -3 6 1.30974e+06
BOG -3 7 1.30974e+06
BOG -2 6 1.30974e+06
BOG -2 7 1.30974e+06
BOG -1 6 1.30974e+06
BOG -1 7 1.30974e+06
BOG 0 6 1.30974e+06
BOG 0 7 1.30974e+06
BOG 1 6 1.30974e+06
BOG 1 7 1.30974e+06
BOG 2 6 1.30974e+06
BOG 2 7 1.30974e+06
BOG 3 6 1.30974e+06
BOG 3 7 1.30974e+06
BOG 4 6 4.3938e+06
BOG 4 7 4.3938e+06
EIL -5 1 3.39129e+06
EIL -5 5 3.39129e+06
EIL -4 1 513540
EIL -4 2 4.21443e+06
EIL -4 3 4.21443e+06
EIL -4 4 3.08043e+06
EIL -4 5 513540
EIL -4 6 1.81629e+06
EIL -4 7 4.21443e+06
EIL -4 8 1.81629e+06
EIL -3 1 706140
EIL -3 2 706140
EIL -3 3 706140
EIL -3 4 706140
EIL -3 5 706140
EIL -3 6 587340
EIL -3 7 706140
EIL -3 8 587340
EIL -2 1 2.13462e+06
EIL -2 2 2.13462e+06
EIL -2 3 2.13462e+06
EIL -2 4 2.13462e+06
EIL -2 5 2.13462e+06
EIL -2 6 2.13462e+06
EIL -2 7 2.13462e+06
EIL -2 8 2.13462e+06
EIL -1 1 1.55142e+06
EIL -1 2 1.55142e+06
EIL -1 3 1.55142e+06
EIL -1 4 1.55142e+06
EIL -1 5 1.55142e+06
EIL -1 6 1.55142e+06
EIL -1 7 1.55142e+06
EIL -1 8 1.55142e+06
EIL 1 1 1.55142e+06
EIL 1 2 1.55142e+06
EIL 1 3 1.55142e+06
EIL 1 4 1.55142e+06
EIL 1 5 1.55142e+06
EIL 1 6 1.55142e+06
EIL 1 7 1.55142e+06
EIL 1 8 1.55142e+06
EIL 2 1 2.13462e+06
EIL 2 2 2.13462e+06
EIL 2 3 2.13462e+06
EIL 2 4 2.13462e+06
EIL 2 5 2.13462e+06
EIL 2 6 2.13462e+06
EIL 2 7 2.13462e+06
EIL 2 8 2.13462e+06
EIL 3 1 706140
EIL 3 2 706140
EIL 3 3 706140
EIL 3 4 706140
EIL 3 5 706140
EIL 3 6 587340
EIL 3 7 706140
EIL 3 8 587340
EIL 4 1 513540
EIL 4 2 4.21443e+06
EIL 4 3 4.21443e+06
EIL 4 4 3.08043e+06
EIL 4 5 513540
EIL 4 6 1.81629e+06
EIL 4 7 4.21443e+06
EIL 4 8 1.81629e+06
EIL 5 1 3.39129e+06
EIL 5 5 3.39129e+06
EEL -2 1 4.9098e+06
EEL -2 2 4.9098e+06
EEL -2 4 4.9098e+06
EEL -2 5 4.9098e+06
EEL -2 6 4.9098e+06
EEL -2 7 4.9098e+06
EEL -2 8 4.9098e+06
EEL -1 1 4.1898e+06
EEL -1 2 4.1898e+06
EEL -1 3 3.62376e+06
EEL -1 4 4.1898e+06
EEL -1 5 4.1898e+06
EEL -1 6 4.1898e+06
EEL -1 7 4.1898e+06
EEL -1 8 4.1898e+06
EEL 1 1 4.1898e+06
EEL 1 2 4.1898e+06
EEL 1 3 3.62376e+06
EEL 1 4 4.1898e+06
EEL 1 5 4.1898e+06
EEL 1 6 4.1898e+06
EEL 1 7 4.1898e+06
EEL 1 8 4.1898e+06
EEL 2 1 4.9098e+06
EEL 2 2 4.9098e+06
EEL 2 4 4.9098e+06
EEL 2 5 4.9098e+06
EEL 2 6 4.9098e+06
EEL 2 7 4.9098e+06
EEL 2 8 4.9098e+06
EES -2 1 2.9766e+06
EES -2 2 2.9766e+06
EES -2 3 2.9766e+06
EES -2 4 2.9766e+06
EES -2 5 2.9766e+06
EES -2 6 2.9766e+06
EES -2 7 2.9766e+06
EES -2 8 2.9766e+06
EES -1 1 3.00168e+06
EES -1 2 3.00168e+06
EES -1 3 3.00168e+06
EES -1 4 3.00168e+06
EES -1 5 3.00168e+06
EES -1 6 3.00168e+06
EES -1 7 3.00168e+06
EES -1 8 3.00168e+06
EES 1 1 3.00168e+06
EES 1 2 3.00168e+06
EES 1 3 3.00168e+06
EES 1 4 3.00168e+06
EES 1 5 3.00168e+06
EES 1 6 3.00168e+06
EES 1 7 3.00168e+06
EES 1 8 3.00168e+06
EES 2 1 2.9766e+06
EES 2 2 2.9766e+06
EES 2 3 2.9766e+06
EES 2 4 2.9766e+06
EES 2 5 2.9766e+06
EES 2 6 2.9766e+06
EES 2 7 2.9766e+06
EES 2 8 2.9766e+06
EML -5 1 1.00157e+07
EML -5 2 1.00157e+07
EML -5 3 1.00157e+07
EML -5 4 1.00157e+07
EML -5 5 1.00157e+07
EML -5 6 1.00157e+07
EML -5 7 1.00157e+07
EML -5 8 1.00157e+07
EML -4 1 8.17248e+06
EML -4 2 8.17248e+06
EML -4 3 8.17248e+06
EML -4 4 8.17248e+06
EML -4 5 8.17248e+06
EML -4 6 8.17248e+06
EML -4 7 8.17248e+06
EML -4 8 8.17248e+06
EML -3 1 6.32928e+06
EML -3 2 6.32928e+06
EML -3 3 6.32928e+06
EML -3 4 6.32928e+06
EML -3 5 6.32928e+06
EML -3 6 6.32928e+06
EML -3 7 6.32928e+06
EML -3 8 6.32928e+06
EML -2 1 4.48608e+06
EML -2 2 4.48608e+06
EML -2 3 4.48608e+06
EML -2 4 4.48608e+06
EML -2 5 4.48608e+06
EML -2 6 4.48608e+06
EML -2 7 4.48608e+06
EML -2 8 4.48608e+06
EML -1 1 2.41332e+06
EML -1 2 2.41332e+06
EML -1 3 2.41332e+06
EML -1 4 2.41332e+06
EML -1 5 2.41332e+06
EML -1 6 2.41332e+06
EML -1 7 2.41332e+06
EML -1 8 2.41332e+06
EML 1 1 2.41332e+06
EML 1 2 2.41332e+06
EML 1 3 2.41332e+06
EML 1 4 2.41332e+06
EML 1 5 2.41332e+06
EML 1 6 2.41332e+06
EML 1 7 2.41332e+06
EML 1 8 2.41332e+06
EML 2 1 4.48608e+06
EML 2 2 4.48608e+06
EML 2 3 4.48608e+06
EML 2 4 4.48608e+06
EML 2 5 4.48608e+06
EML 2 6 4.48608e+06
EML 2 7 4.48608e+06
EML 2 8 4.48608e+06
EML 3 1 6.32928e+06
EML 3 2 6.32928e+06
EML 3 3 6.32928e+06
EML 3 4 6.32928e+06
EML 3 5 6.32928e+06
EML 3 6 6.32928e+06
EML 3 7 6.32928e+06
EML 3 8 6.32928e+06
EML 4 1 8.17248e+06
EML 4 2 8.17248e+06
EML 4 3 8.17248e+06
EML 4 4 8.17248e+06
EML 4 5 8.17248e+06
EML 4 6 8.17248e+06
EML 4 7 8.17248e+06
EML 4 8 8.17248e+06
EML 5 1 1.00157e+07
EML 5 2 1.00157e+07
EML 5 3 1.00157e+07
EML 5 4 1.00157e+07
EML 5 5 1.00157e+07
EML 5 6 1.00157e+07
EML 5 7 1.00157e+07
EML 5 8 1.00157e+07
EMS -5 1 6.30048e+06
EMS -5 2 6.30048e+06
EMS -5 3 6.30048e+06
EMS -5 4 6.30048e+06
EMS -5 5 6.30048e+06
EMS -5 6 6.30048e+06
EMS -5 7 6.30048e+06
EMS -5 8 6.30048e+06
EMS -4 1 5.19456e+06
EMS -4 2 5.19456e+06
EMS -4 3 5.19456e+06
EMS -4 4 5.19456e+06
EMS -4 5 5.19456e+06
EMS -4 6 5.19456e+06
EMS -4 7 5.19456e+06
EMS -4 8 5.19456e+06
EMS -3 1 4.08864e+06
EMS -3 2 4.08864e+06
EMS -3 3 4.08864e+06
EMS -3 4 4.08864e+06
EMS -3 5 4.08864e+06
EMS -3 6 4.08864e+06
EMS -3 7 4.08864e+06
EMS -3 8 4.08864e+06
EMS -2 1 2.98272e+06
EMS -2 2 2.98272e+06
EMS -2 3 2.98272e+06
EMS -2 4 2.98272e+06
EMS -2 5 2.98272e+06
EMS -2 6 2.98272e+06
EMS -2 7 2.98272e+06
EMS -2 8 2.98272e+06
EMS -1 1 1.8768e+06
EMS -1 2 1.8768e+06
EMS -1 3 1.8768e+06
EMS -1 4 1.8768e+06
EMS -1 5 1.8768e+06
EMS -1 6 1.8768e+06
EMS -1 7 1.8768e+06
EMS -1 8 1.8768e+06
EMS 1 1 1.8768e+06
EMS 1 2 1.8768e+06
EMS 1 3 1.8768e+06
EMS 1 4 1.8768e+06
EMS 1 5 1.8768e+06
EMS 1 6 1.8768e+06
EMS 1 7 1.8768e+06
EMS 1 8 1.8768e+06
EMS 2 1 2.98272e+06
EMS 2 2 2.98272e+06
EMS 2 3 2.98272e+06
EMS 2 4 2.98272e+06
EMS 2 5 2.98272e+06
EMS 2 6 2.98272e+06
EMS 2 7 2.98272e+06
EMS 2 8 2.98272e+06
EMS 3 1 4.08864e+06
EMS 3 2 4.08864e+06
EMS 3 3 4.08864e+06
EMS 3 4 4.08864e+06
EMS 3 5 4.08864e+06
EMS 3 6 4.08864e+06
EMS 3 7 4.08864e+06
EMS 3 8 4.08864e+06
EMS 4 1 5.19456e+06
EMS 4 2 5.19456e+06
EMS 4 3 5.19456e+06
EMS 4 4 5.19456e+06
EMS 4 5 5.19456e+06
EMS 4 6 5.19456e+06
EMS 4 7 5.19456e+06
EMS 4 8 5.19456e+06
EMS 5 1 6.30048e+06
EMS 5 2 6.30048e+06
EMS 5 3 6.30048e+06
EMS 5 4 6.30048e+06
EMS 5 5 6.30048e+06
EMS 5 6 6.30048e+06
EMS 5 7 6.30048e+06
EMS 5 8 6.30048e+06
EOL -6 1 8.39736e+06
EOL -6 2 8.39736e+06
EOL -6 3 8.39736e+06
EOL -6 4 8.39736e+06
EOL -6 5 8.39736e+06
EOL -6 6 8.39736e+06
EOL -6 7 8.39736e+06
EOL -6 8 8.39736e+06
EOL -5 1 7.36056e+06
EOL -5 2 7.36056e+06
EOL -5 3 7.36056e+06
EOL -5 4 7.36056e+06
EOL -5 5 7.36056e+06
EOL -5 6 7.36056e+06
EOL -5 7 7.36056e+06
EOL -5 8 7.36056e+06
EOL -4 1 6.32376e+06
EOL -4 2 6.32376e+06
EOL -4 3 6.32376e+06
EOL -4 4 6.32376e+06
EOL -4 5 6.32376e+06
EOL -4 6 6.32376e+06
EOL -4 7 6.32376e+06
EOL -4 8 6.32376e+06
EOL -3 1 5.28696e+06
EOL -3 2 5.28696e+06
EOL -3 3 5.28696e+06
EOL -3 4 5.28696e+06
EOL -3 5 5.28696e+06
EOL -3 6 5.28696e+06
EOL -3 7 5.28696e+06
EOL -3 8 5.28696e+06
EOL -2 1 4.85772e+06
EOL -2 2 4.85772e+06
EOL -2 3 4.85772e+06
EOL -2 4 4.85772e+06
EOL -2 5 4.85772e+06
EOL -2 6 4.85772e+06
EOL -2 7 4.85772e+06
EOL -2 8 4.85772e+06
EOL -1 1 3.24492e+06
EOL -1 2 3.24492e+06
EOL -1 3 3.24492e+06
EOL -1 4 3.24492e+06
EOL -1 5 3.24492e+06
EOL -1 6 3.24492e+06
EOL -1 7 3.24492e+06
EOL -1 8 3.24492e+06
EOL 1 1 3.24492e+06
EOL 1 2 3.24492e+06
EOL 1 3 3.24492e+06
EOL 1 4 3.24492e+06
EOL 1 5 3.24492e+06
EOL 1 6 3.24492e+06
EOL 1 7 3.24492e+06
EOL 1 8 3.24492e+06
EOL 2 1 4.85772e+06
EOL 2 2 4.85772e+06
EOL 2 3 4.85772e+06
EOL 2 4 4.85772e+06
EOL 2 5 4.85772e+06
EOL 2 6 4.85772e+06
EOL 2 7 4.85772e+06
EOL 2 8 4.85772e+06
EOL 3 1 5.28696e+06
EOL 3 2 5.28696e+06
EOL 3 3 5.28696e+06
EOL 3 4 5.28696e+06
EOL 3 5 5.28696e+06
EOL 3 6 5.28696e+06
EOL 3 7 5.28696e+06
EOL 3 8 5.28696e+06
EOL 4 1 6.32376e+06
EOL 4 2 6.32376e+06
EOL 4 3 6.32376e+06
EOL 4 4 6.32376e+06
EOL 4 5 6.32376e+06
EOL 4 6 6.32376e+06
EOL 4 7 6.32376e+06
EOL 4 8 6.32376e+06
EOL 5 1 7.36056e+06
EOL 5 2 7.36056e+06
EOL 5 3 7.36056e+06
EOL 5 4 7.36056e+06
EOL 5 5 7.36056e+06
EOL 5 6 7.36056e+06
EOL 5 7 7.36056e+06
EOL 5 8 7.36056e+06
EOL 6 1 8.39736e+06
EOL 6 2 8.39736e+06
EOL 6 3 8.39736e+06
EOL 6 4 8.39736e+06
EOL 6 5 8.39736e+06
EOL 6 6 8.39736e+06
EOL 6 7 8.39736e+06
EOL 6 8 8.39736e+06
EOS -6 1 5.32152e+06
EOS -6 2 5.32152e+06
EOS -6 3 5.32152e+06
EOS -6 4 5.32152e+06
EOS -6 5 5.32152e+06
EOS -6 6 5.32152e+06
EOS -6 7 5.32152e+06
EOS -6 8 5.32152e+06
EOS -5 1 4.69944e+06
EOS -5 2 4.69944e+06
EOS -5 3 4.69944e+06
EOS -5 4 4.69944e+06
EOS -5 5 4.69944e+06
EOS -5 6 4.69944e+06
EOS -5 7 4.69944e+06
EOS -5 8 4.69944e+06
EOS -4 1 4.07736e+06
EOS -4 2 4.07736e+06
EOS -4 3 4.07736e+06
EOS -4 4 4.07736e+06
EOS -4 5 4.07736e+06
EOS -4 6 4.07736e+06
EOS -4 7 4.07736e+06
EOS -4 8 4.07736e+06
EOS -3 1 3.97068e+06
EOS -3 2 3.97068e+06
EOS -3 3 3.97068e+06
EOS -3 4 3.97068e+06
EOS -3 5 3.97068e+06
EOS -3 6 3.97068e+06
EOS -3 7 3.97068e+06
EOS -3 8 3.97068e+06
EOS -2 1 3.12396e+06
EOS -2 2 3.12396e+06
EOS -2 3 3.12396e+06
EOS -2 4 3.12396e+06
EOS -2 5 3.12396e+06
EOS -2 6 3.12396e+06
EOS -2 7 3.12396e+06
EOS -2 8 3.12396e+06
EOS -1 1 2.27724e+06
EOS -1 2 2.27724e+06
EOS -1 3 2.27724e+06
EOS -1 4 2.27724e+06
EOS -1 5 2.27724e+06
EOS -1 6 2.27724e+06
EOS -1 7 2.27724e+06
EOS -1 8 2.27724e+06
EOS 1 1 2.27724e+06
EOS 1 2 2.27724e+06
EOS 1 3 2.27724e+06
EOS 1 4 2.27724e+06
EOS 1 5 2.27724e+06
EOS 1 6 2.27724e+06
EOS 1 7 2.27724e+06
EOS 1 8 2.27724e+06
EOS 2 1 3.12396e+06
EOS 2 2 3.12396e+06
EOS 2 3 3.12396e+06
EOS 2 4 3.12396e+06
EOS 2 5 3.12396e+06
EOS 2 6 3.12396e+06
EOS 2 7 3.12396e+06
EOS 2 8 3.12396e+06
EOS 3 1 3.97068e+06
EOS 3 2 3.97068e+06
EOS 3 3 3.97068e+06
EOS 3 4 3.97068e+06
EOS 3 5 3.97068e+06
EOS 3 6 3.97068e+06
EOS 3 7 3.97068e+06
EOS 3 8 3.97068e+06
EOS 4 1 4.07736e+06
EOS 4 2 4.07736e+06
EOS 4 3 4.07736e+06
EOS 4 4 4.07736e+06
EOS 4 5 4.07736e+06
EOS 4 6 4.07736e+06
EOS 4 7 4.07736e+06
EOS 4 8 4.07736e+06
EOS 5 1 4.69944e+06
EOS 5 2 4.69944e+06
EOS 5 3 4.69944e+06
EOS 5 4 4.69944e+06
EOS 5 5 4.69944e+06
EOS 5 6 4.69944e+06
EOS 5 7 4.69944e+06
EOS 5 8 4.69944e+06
EOS 6 1 5.32152e+06
EOS 6 2 5.32152e+06
EOS 6 3 5.32152e+06
EOS 6 4 5.32152e+06
EOS 6 5 5.32152e+06
EOS 6 6 5.32152e+06
EOS 6 7 5.32152e+06
EOS 6 8 5.32152e+06
